4 7 11 5
1 12 9 25
13 12 23 4
1 24 8 5
8 5 9 1
25 10 17 1
28 6 15 19
8 28 24 20
20 6 24 26
24 26 6 30
1 11 15 13
26 5 30 8
30 21 10 6
18 17 6 7
22 22 8 8
13 3 10 14
18 23 21 3
6 29 12 20
2 6 27 24
3 30 21 20
25 25 22 3
9 16 0 19
19 8 3 14
22 3 12 30
8 16 21 16
20 18 5 5
20 30 30 30
13 27 25 15
5 25 18 1
20 14 5 19
2 27 17 3
23 10 1 3
5 21 9 1
28 15 25 18
10 16 2 8
16 2 2 2
16 2 4 25
25 11 15 11
14 15 15 17
1 21 5 27
4 13 0 1
7 22 23 21
14 26 5 1
14 11 21 4
13 5 8 1
8 20 1 3
10 5 9 8
10 25 27 23
23 15 9 29
24 7 7 14
